1102417929
-1762241535
582373296
-850787447
-1899360957
-1013046270
-1217343738
400177661
-459279406
1148835826
-654863527
361405619
-464157669
927358460
-1960154473
-640413704
547419272
1991108836
881939493
-1752795075
60523199
-685573340
-791505098
-1567640621
-1919949801
549355607
-12359072
1855057141
-598030009
-342124326
1109590124
872318987
1218668896
-1900938320
-608629139
1962619437
-1608693764
-707128666
680402707
-1414867995
-1453086025
817116343
-494581952
-993235912
1913811422
601793201
-184283172
-1203890201
-1580775322
2122066456
533637349
621988082
401694495
-641232311
-1844725303
-1530039715
-704305367
1166948322
2051302135
-381899722
-1223901274
1831762529
-1469430605
1184764885
-1075508559
-1956847606
1161207593
677440613
604151181
-373484530
466804677
-28064861
546897953
-1970658583
1626091457
1518411493
-290328668
-1201956597
2052642815
1773892702
-1687578476
952854458
1435471384
1511584928
526384108
-1936018378
-157417804
396617825
-1832979563
825357597
1179461915
-2138265983
-1925740004
238748177
-906534900
-1955174837
1213241764
-723912297
-209910835
340292091
